## https://rdrr.io/cran/ggthemes/man/colorblind.html
cpalette <- c("black", "#E69F00", "#56B4E9", "#009E73", "#F0E442", "#0072B2", "#D55E00", "#CC79A7")
